111111111111111111111111111111111
111111111111111111111111111111111
111111111111111111111111111111111
111111111111111111111111111111111
111111111111111111111111111111111
111111111111111111111111111111111
111111111111111111111111111111111
111111111111111111111111111111111
1111111S999999G111111111111111111
111111111111111111111111111111111
111111111111111111111111111111111
111111111111111111111111111111111
111111111111111111111111111111111
111111111111111111111111111111111
111111111111111111111111111111111
111111111111111111111111111111111
